002864676
002871589
002863978
002867184
002863968
002870138
002869596
002863671
002864957
002864592
002867556
002864758
002864386
002870427
002868027
002870457
002863766
002864846
002865570
002867759
002869247
002867307
002863119
002870714
002863990
002867999
002869401
002870819
002865954
002870546
002863129
002865980
002868081
002864829
002869944
002863360
002863831
002866206
002867790
002870080
002863200
002868108
002867780
002862181
002869941
002862011
002870685
002868858
002864105
002870107
002864318
002869224
002866423
002862403
002863614
002865430
002862317
002869484
002869272
002864112
002871648
002865744
002862583
002869951
002862808
002867639
002862174
002868592
002868631
002867220
002867649
002869690
002868499
002868543
002866844
002865351
002868630
002868318
002869092
002870440
002863615
002866864
002870911
002866202
002862452
002865806
002866718
002871276
002866683
002867140
002868824
002865518
002871352
002863086
002863986
002864650
002867110
002864837
002864587
002863080
002865568
002867460
002864605
002869747
002862355
002867944
002868032
002864888
002869472
002862047
002865831
002865544
002862491
002867295
002865192
002870705
002870808
002870378
002871106
002863942
002869946
002864356
002865330
002866586
002871701
002863303
002863856
002866688
002867767
002862536
002867501
002870880
002867770
002868494
002866038
002870014
002866720
002864108
002871566
002865826
002867647
002864713
002863684
002870510
002863300
002867155
002865550
002862582
002867025
002864809
002866258
002863329
002870325
002862759
002868216
002869809
002867148
002862199
002870688
002863852
002865060
002868809
002862547
002863117
002865961
002865930
002868725
002868580
002862898
002864720
002866087
002869950
002869357
002870177
002866816
002870472
002871328
002869615
002867267
002866709
002862789
002866945
002868441
002867899
002865936
002866982
002867202
002862680
002865188
002868292
002867842
002862823
002862824
002870674
002866449
002870825
002869885
002869241
002865359
002870640
002869933
002870800
002871136
002866832
002870426
002868881
002864999
002865657
002868404
002871122
002863991
002871048
002871659
002864228
002870989
002862912
002864663
002862305
002862306
002862307
002862344
002865585
002866783
002868998
002863100
002870104
002871312
002869094
002863401
002865326
002869361
002863937
002869621
002869274
002866319
002869876
002863695
002871571
002863252
002862023
002865970
002865962
002862205
002870898
002870641
002867500
002870889
002866859
002863851
002867535
002863585
002865714
002870646
002867083
002870822
002871246
002862723
002866309
002871633
002864652
002866579
002863058
002863792
002868776
002870302
002864255
002868838
002868701
002868905
002866648
002867847
002869997
002863967
002863662
002863789
002868253
002864810
002866259
002865158
002870659
002864258
002862837
002863411
002863306
002864463
002866898
002868213
002868635
002862553
002865894
002868222
002869459
002862425
002866693
002866000
002864254
002864825
002866660
002864734
002869728
002862752
002864534
002870132
002870170
002869569
002867213
002868430
002867553
002865403
002864264
002865099
002870821
002867046
002866785
002865398
002864894
002866880
002868745
002863619
002863315
002871708
002868522
002868094
002867836
002868218
002868845
002862968
002869085
002870591
002870620
002862512
002867792
002866210
002871137
002870818
002869379
002869106
002870561
002863961
002869570
002865334
002862418
002865284
002864363
002866138
002866410
002865239
002869365
002863592
002862373
002867810
002871157
002870052
002870706
002863173
002866173
002863171
002866766
002868057
002867737
002867585
002867638
002865560
002869629
002871501
002866597
002864916
002868772
002863243
002866850
002863725
002865136
002862529
002870806
002869110
002865579
002871678
002870281
002864412
002865185
002866104
002865331
002868286
002870069
002864002
002864443
002869333
002866970
002871421
002864379
002866664
002869633
002868119
002869795
002866146
002864637
002863014
002863020
002867453
002867909
002869164
002862299
002866426
002867377
002870210
002867716
002865762
002871606
002866469
002861995
002866056
002863147
002870661
002862692
002866888
002871533
002870751
002871145
002869723
002870112
002868626
002869301
002869636
002869246
002862171
002866649
002862591
002863508
002862421
002868039
002862689
002866053
002869093
002871236
002864400
002865258
002862104
002864845
002869934
002871427
002871658
002869273
002865676
002865575
002866214
002862569
002865823
002862859
002866847
002868951
002866746
002867830
002865810
002867074
002865949
002871129
002868384
002868929
002871619
002863916
002868925
002868853
002867209
002865761
002862897
002870669
002867640
002864341
002869485
002870189
002871096
002868993
002865163
002866638
002864226
002865153
